%f_DT = 0.06, Q = 4e-3, Ni=20, np=10

ans = [ 0.073100, 0.052500, 0.008800, 0.000081, 0.000003, 0.000000, 0.000000 ]
cest = [ 0.073100, 0.052500, 0.008800, 0.000081, 0.000003, 0.000000, 0.000000 ]
norm1 = [ 0.076100, 0.053600, 0.009000, 0.000073, 0.000003, 0.000000, 0.000000 ]
norm2 = [ 0.072600, 0.052000, 0.009000, 0.000080, 0.000003, 0.000000, 0.000000 ]
norm3 = [ 0.074300, 0.053300, 0.008500, 0.000075, 0.000003, 0.000000, 0.000000 ]
norm4 = [ 0.073100, 0.052500, 0.008800, 0.000081, 0.000003, 0.000000, 0.000000 ]
snrf = [ -11.010900, -6.010900, -1.010900, 3.989100, 8.989100, 13.989100, 18.989100 ]
snrf2 = [ -11.037500, -6.037500, -1.037500, 3.962500, 8.962500, 13.962500, 18.962500 ]
snrf3 = [ -11.005300, -6.005300, -1.005300, 3.994700, 8.994700, 13.994700, 18.994699 ]
usr10 = [ 0.050400, 0.018200, 0.001800, 0.000011, 0.000000, 0.000000, 0.000000 ]
usr11 = [ 0.050500, 0.018300, 0.001800, 0.000011, 0.000000, 0.000000, 0.000000 ]
usr20 = [ 0.049400, 0.019200, 0.002000, 0.000062, 0.000000, 0.000000, 0.000000 ]
usr21 = [ 0.049400, 0.019200, 0.002000, 0.000062, 0.000000, 0.000000, 0.000000 ]
usr30 = [ 0.043600, 0.016900, 0.001300, 0.000000, 0.000000, 0.000000, 0.000000 ]
usr31 = [ 0.043400, 0.016900, 0.001300, 0.000000, 0.000000, 0.000000, 0.000000 ]


