%f_DT = 0.06, SNR = -5 dB, L =1, Q = 4e-3, Ni=20, np=10, N = 31, N_T = 2, T =10,000
K = [ 2.000000, 3.000000, 4.000000, 5.000000, 6.000000, 7.000000, 8.000000, 9.000000, 10.000000, 11.000000, 12.000000, 15.000000 ]
avgber1 = [ 0.000791, 0.001100, 0.001200, 0.001200, 0.001400, 0.001600, 0.007300, 0.017800, 0.028000, 0.039300, 0.058300, 0.060500 ]
avgsnr = [ -5.032000, -5.026300, -5.039400, -5.033800, -5.040200, -5.044100, -5.047000, -5.044300, -5.066500, -5.041100, -5.034800, -5.048400 ]
nv = [ 1.000000, 1.000000, 1.000000, 1.000000, 1.000000, 1.000000, 1.000000, 1.000000, 1.000000, 1.000000, 1.000000, 1.000000 ]
KNT = [4     6     8    10    12    14    16    18    20    22    24    30]