ans = [ 0.037700, 0.036900, 0.036000, 0.034800, 0.033000, 0.029900, 0.025200, 0.019300, 0.013200, 0.007400, 0.003100, 0.001300, 0.001000, 0.001000, 0.001000, 0.001000, 0.000100, 0.000100, 0.000100 ]
msef = [ 0.037700, 0.036900, 0.036000, 0.034800, 0.033000, 0.029900, 0.025200, 0.019300, 0.013200, 0.007400, 0.003100, 0.001300, 0.001000, 0.001000, 0.001000, 0.001000, 0.000100, 0.000100, 0.000100 ]
snrf = [ -0.054900, 0.445100, 0.945100, 1.445100, 1.945100, 2.445100, 2.945100, 3.445100, 3.945100, 4.445100, 4.945100, 5.445100, 5.945100, 6.445100, 6.945100, 7.445100, 7.945100, 8.449500, 8.949500 ]
snrf2 = [ -0.028800, 0.471200, 0.971200, 1.471200, 1.971200, 2.471200, 2.971200, 3.471200, 3.971200, 4.471200, 4.971200, 5.471200, 5.971200, 6.471200, 6.971200, 7.471200, 7.971200, 8.478100, 8.978100 ]
snrf3 = [ -0.032100, 0.467900, 0.967900, 1.467900, 1.967900, 2.467900, 2.967900, 3.467900, 3.967900, 4.467900, 4.967900, 5.467900, 5.967900, 6.467900, 6.967900, 7.467900, 7.967900, 8.458000, 8.958000 ]
usr10 = [ 0.500700, 0.500700, 0.500700, 0.500700, 0.500500, 0.499500, 0.494900, 0.481600, 0.424100, 0.248000, 0.052500, 0.006600, 0.000320, 0.000312, 0.000048, 0.000032, 0.000028, 0.000026, 0.000012 ]
usr11 = [ 0.500800, 0.500700, 0.500700, 0.500700, 0.500500, 0.499500, 0.494900, 0.481600, 0.424100, 0.248000, 0.052500, 0.006600, 0.000320, 0.000312, 0.000048, 0.000032, 0.000028, 0.000026, 0.000012 ]
usr20 = [ 0.500900, 0.501000, 0.501000, 0.500900, 0.500700, 0.500200, 0.497100, 0.481200, 0.423800, 0.231700, 0.027600, 0.005100, 0.000332, 0.000080, 0.000060, 0.000048, 0.000040, 0.000012, 0.000010 ]
usr21 = [ 0.500900, 0.501000, 0.500900, 0.500900, 0.500700, 0.500200, 0.497000, 0.481200, 0.423800, 0.231700, 0.027600, 0.005100, 0.000332, 0.000080, 0.000060, 0.000048, 0.000040, 0.000012, 0.000010 ]
usr30 = [ 0.495600, 0.495600, 0.495600, 0.495600, 0.495300, 0.494200, 0.490300, 0.475200, 0.416000, 0.237200, 0.050400, 0.008900, 0.001400, 0.000112, 0.000108, 0.000056, 0.000048, 0.000028, 0.000022 ]
usr31 = [ 0.495600, 0.495600, 0.495600, 0.495600, 0.495300, 0.494200, 0.490300, 0.475200, 0.416000, 0.237200, 0.050400, 0.008900, 0.001400, 0.000112, 0.000108, 0.000056, 0.000048, 0.000024, 0.000018 ]
